# solver	iter	churn	stddev
cspf	0	600.000000	0.000000
cspf	1	0.000000	0.000000
cspf	2	0.000000	0.000000
cspf	3	0.000000	0.000000
cspf	4	0.000000	0.000000
cspf	5	0.000000	0.000000
cspf	6	0.000000	0.000000
cspf	7	0.000000	0.000000
cspf	8	0.000000	0.000000
cspf	9	0.000000	0.000000
cspf	10	0.000000	0.000000
cspf	11	0.000000	0.000000
cspf	12	0.000000	0.000000
cspf	13	0.000000	0.000000
cspf	14	0.000000	0.000000
cspf	15	0.000000	0.000000
cspf	16	0.000000	0.000000
cspf	17	330.000000	0.000000
cspf	18	342.000000	0.000000
cspf	19	322.000000	0.000000
cspf	20	332.000000	0.000000
cspf	21	0.000000	0.000000
cspf	22	364.000000	0.000000
cspf	23	340.000000	0.000000
cspf	24	0.000000	0.000000
cspf	25	328.000000	0.000000
cspf	26	0.000000	0.000000
cspf	27	0.000000	0.000000
cspf	28	0.000000	0.000000
cspf	29	0.000000	0.000000
cspf	30	0.000000	0.000000
cspf	31	338.000000	0.000000
cspf	32	348.000000	0.000000
cspf	33	344.000000	0.000000
cspf	34	382.000000	0.000000
cspf	35	356.000000	0.000000
cspf	36	374.000000	0.000000
cspf	37	354.000000	0.000000
cspf	38	384.000000	0.000000
cspf	39	364.000000	0.000000
cspf	40	372.000000	0.000000
cspf	41	380.000000	0.000000
cspf	42	364.000000	0.000000
cspf	43	346.000000	0.000000
cspf	44	364.000000	0.000000
cspf	45	0.000000	0.000000
cspf	46	0.000000	0.000000
cspf	47	0.000000	0.000000
cspf	48	0.000000	0.000000
cspf	49	0.000000	0.000000
cspf	50	0.000000	0.000000
cspf	51	0.000000	0.000000
cspf	52	0.000000	0.000000
cspf	53	0.000000	0.000000
cspf	54	0.000000	0.000000
cspf	55	384.000000	0.000000
cspf	56	390.000000	0.000000
cspf	57	358.000000	0.000000
cspf	58	344.000000	0.000000
cspf	59	370.000000	0.000000
cspf	60	388.000000	0.000000
cspf	61	358.000000	0.000000
cspf	62	368.000000	0.000000
cspf	63	360.000000	0.000000
cspf	64	348.000000	0.000000
cspf	65	0.000000	0.000000
cspf	66	362.000000	0.000000
cspf	67	0.000000	0.000000
cspf	68	0.000000	0.000000
cspf	69	0.000000	0.000000
cspf	70	0.000000	0.000000
cspf	71	0.000000	0.000000
cspf	72	0.000000	0.000000
cspf	73	0.000000	0.000000
cspf	74	0.000000	0.000000
cspf	75	0.000000	0.000000
cspf	76	0.000000	0.000000
cspf	77	0.000000	0.000000
cspf	78	0.000000	0.000000
cspf	79	348.000000	0.000000
cspf	80	356.000000	0.000000
cspf	81	318.000000	0.000000
cspf	82	350.000000	0.000000
cspf	83	352.000000	0.000000
cspf	84	384.000000	0.000000
cspf	85	342.000000	0.000000
cspf	86	400.000000	0.000000
cspf	87	378.000000	0.000000
cspf	88	368.000000	0.000000
cspf	89	328.000000	0.000000
cspf	90	394.000000	0.000000
cspf	91	356.000000	0.000000
cspf	92	0.000000	0.000000
cspf	93	0.000000	0.000000
cspf	94	0.000000	0.000000
cspf	95	0.000000	0.000000
cspf	96	0.000000	0.000000
cspf	97	338.000000	0.000000
cspf	98	348.000000	0.000000
cspf	99	0.000000	0.000000
cspf	100	0.000000	0.000000
cspf	101	0.000000	0.000000
cspf	102	0.000000	0.000000
cspf	103	384.000000	0.000000
cspf	104	400.000000	0.000000
cspf	105	354.000000	0.000000
cspf	106	352.000000	0.000000
cspf	107	370.000000	0.000000
cspf	108	354.000000	0.000000
cspf	109	374.000000	0.000000
cspf	110	394.000000	0.000000
cspf	111	354.000000	0.000000
cspf	112	360.000000	0.000000
cspf	113	350.000000	0.000000
cspf	114	0.000000	0.000000
cspf	115	0.000000	0.000000
cspf	116	0.000000	0.000000
cspf	117	0.000000	0.000000
cspf	118	0.000000	0.000000
cspf	119	0.000000	0.000000
cspf	120	0.000000	0.000000
cspf	121	0.000000	0.000000
cspf	122	0.000000	0.000000
cspf	123	0.000000	0.000000
cspf	124	0.000000	0.000000
cspf	125	0.000000	0.000000
cspf	126	0.000000	0.000000
cspf	127	380.000000	0.000000
cspf	128	400.000000	0.000000
cspf	129	354.000000	0.000000
cspf	130	360.000000	0.000000
cspf	131	344.000000	0.000000
cspf	132	376.000000	0.000000
cspf	133	0.000000	0.000000
cspf	134	0.000000	0.000000
cspf	135	0.000000	0.000000
cspf	136	0.000000	0.000000
cspf	137	0.000000	0.000000
cspf	138	0.000000	0.000000
cspf	139	0.000000	0.000000
cspf	140	0.000000	0.000000
cspf	141	0.000000	0.000000
cspf	142	0.000000	0.000000
cspf	143	0.000000	0.000000
cspf	144	0.000000	0.000000
cspf	145	0.000000	0.000000
cspf	146	0.000000	0.000000
cspf	147	0.000000	0.000000
cspf	148	0.000000	0.000000
cspf	149	0.000000	0.000000
cspf	150	0.000000	0.000000
cspf	151	0.000000	0.000000
cspf	152	0.000000	0.000000
cspf	153	0.000000	0.000000
cspf	154	0.000000	0.000000
cspf	155	0.000000	0.000000
cspf	156	0.000000	0.000000
cspf	157	0.000000	0.000000
cspf	158	0.000000	0.000000
cspf	159	0.000000	0.000000
cspf	160	0.000000	0.000000
cspf	161	0.000000	0.000000
cspf	162	0.000000	0.000000
cspf	163	0.000000	0.000000
cspf	164	0.000000	0.000000
cspf	165	0.000000	0.000000
cspf	166	0.000000	0.000000
cspf	167	0.000000	0.000000
cspf	168	0.000000	0.000000
cspf	169	0.000000	0.000000
cspf	170	0.000000	0.000000
cspf	171	0.000000	0.000000
cspf	172	0.000000	0.000000
cspf	173	0.000000	0.000000
cspf	174	0.000000	0.000000
cspf	175	0.000000	0.000000
cspf	176	0.000000	0.000000
cspf	177	0.000000	0.000000
cspf	178	0.000000	0.000000
cspf	179	0.000000	0.000000
cspf	180	0.000000	0.000000
cspf	181	0.000000	0.000000
cspf	182	0.000000	0.000000
cspf	183	0.000000	0.000000
cspf	184	0.000000	0.000000
cspf	185	0.000000	0.000000
cspf	186	0.000000	0.000000
cspf	187	0.000000	0.000000
cspf	188	0.000000	0.000000
cspf	189	0.000000	0.000000
cspf	190	0.000000	0.000000
cspf	191	0.000000	0.000000
cspf	192	0.000000	0.000000
cspf	193	0.000000	0.000000
cspf	194	0.000000	0.000000
cspf	195	0.000000	0.000000
cspf	196	0.000000	0.000000
cspf	197	0.000000	0.000000
cspf	198	0.000000	0.000000
cspf	199	0.000000	0.000000
mcf	0	600.000000	0.000000
mcf	1	1044.000000	0.000000
mcf	2	432.000000	0.000000
mcf	3	448.000000	0.000000
mcf	4	544.000000	0.000000
mcf	5	546.000000	0.000000
mcf	6	388.000000	0.000000
mcf	7	394.000000	0.000000
mcf	8	378.000000	0.000000
mcf	9	358.000000	0.000000
mcf	10	492.000000	0.000000
mcf	11	474.000000	0.000000
mcf	12	338.000000	0.000000
mcf	13	406.000000	0.000000
mcf	14	426.000000	0.000000
mcf	15	340.000000	0.000000
mcf	16	388.000000	0.000000
mcf	17	428.000000	0.000000
mcf	18	1024.000000	0.000000
mcf	19	1020.000000	0.000000
mcf	20	958.000000	0.000000
mcf	21	962.000000	0.000000
mcf	22	346.000000	0.000000
mcf	23	390.000000	0.000000
mcf	24	392.000000	0.000000
mcf	25	378.000000	0.000000
mcf	26	378.000000	0.000000
mcf	27	362.000000	0.000000
mcf	28	388.000000	0.000000
mcf	29	538.000000	0.000000
mcf	30	512.000000	0.000000
mcf	31	988.000000	0.000000
mcf	32	986.000000	0.000000
mcf	33	1008.000000	0.000000
mcf	34	1038.000000	0.000000
mcf	35	340.000000	0.000000
mcf	36	968.000000	0.000000
mcf	37	986.000000	0.000000
mcf	38	418.000000	0.000000
mcf	39	380.000000	0.000000
mcf	40	382.000000	0.000000
mcf	41	408.000000	0.000000
mcf	42	402.000000	0.000000
mcf	43	386.000000	0.000000
mcf	44	398.000000	0.000000
mcf	45	366.000000	0.000000
mcf	46	362.000000	0.000000
mcf	47	406.000000	0.000000
mcf	48	462.000000	0.000000
mcf	49	464.000000	0.000000
mcf	50	400.000000	0.000000
mcf	51	972.000000	0.000000
mcf	52	982.000000	0.000000
mcf	53	450.000000	0.000000
mcf	54	454.000000	0.000000
mcf	55	406.000000	0.000000
mcf	56	398.000000	0.000000
mcf	57	366.000000	0.000000
mcf	58	324.000000	0.000000
mcf	59	364.000000	0.000000
mcf	60	392.000000	0.000000
mcf	61	396.000000	0.000000
mcf	62	384.000000	0.000000
mcf	63	380.000000	0.000000
mcf	64	388.000000	0.000000
mcf	65	376.000000	0.000000
mcf	66	422.000000	0.000000
mcf	67	410.000000	0.000000
mcf	68	366.000000	0.000000
mcf	69	1010.000000	0.000000
mcf	70	1020.000000	0.000000
mcf	71	406.000000	0.000000
mcf	72	982.000000	0.000000
mcf	73	970.000000	0.000000
mcf	74	402.000000	0.000000
mcf	75	414.000000	0.000000
mcf	76	440.000000	0.000000
mcf	77	408.000000	0.000000
mcf	78	376.000000	0.000000
mcf	79	368.000000	0.000000
mcf	80	374.000000	0.000000
mcf	81	440.000000	0.000000
mcf	82	432.000000	0.000000
mcf	83	440.000000	0.000000
mcf	84	430.000000	0.000000
mcf	85	372.000000	0.000000
mcf	86	1030.000000	0.000000
mcf	87	1010.000000	0.000000
mcf	88	292.000000	0.000000
mcf	89	294.000000	0.000000
mcf	90	326.000000	0.000000
mcf	91	334.000000	0.000000
mcf	92	342.000000	0.000000
mcf	93	982.000000	0.000000
mcf	94	988.000000	0.000000
mcf	95	446.000000	0.000000
mcf	96	452.000000	0.000000
mcf	97	482.000000	0.000000
mcf	98	370.000000	0.000000
mcf	99	344.000000	0.000000
mcf	100	392.000000	0.000000
mcf	101	382.000000	0.000000
mcf	102	360.000000	0.000000
mcf	103	386.000000	0.000000
mcf	104	416.000000	0.000000
mcf	105	376.000000	0.000000
mcf	106	346.000000	0.000000
mcf	107	342.000000	0.000000
mcf	108	346.000000	0.000000
mcf	109	340.000000	0.000000
mcf	110	398.000000	0.000000
mcf	111	428.000000	0.000000
mcf	112	432.000000	0.000000
mcf	113	456.000000	0.000000
mcf	114	470.000000	0.000000
mcf	115	970.000000	0.000000
mcf	116	964.000000	0.000000
mcf	117	442.000000	0.000000
mcf	118	370.000000	0.000000
mcf	119	370.000000	0.000000
mcf	120	416.000000	0.000000
mcf	121	444.000000	0.000000
mcf	122	406.000000	0.000000
mcf	123	340.000000	0.000000
mcf	124	372.000000	0.000000
mcf	125	372.000000	0.000000
mcf	126	962.000000	0.000000
mcf	127	966.000000	0.000000
mcf	128	436.000000	0.000000
mcf	129	396.000000	0.000000
mcf	130	430.000000	0.000000
mcf	131	448.000000	0.000000
mcf	132	398.000000	0.000000
mcf	133	340.000000	0.000000
mcf	134	324.000000	0.000000
mcf	135	320.000000	0.000000
mcf	136	364.000000	0.000000
mcf	137	430.000000	0.000000
mcf	138	546.000000	0.000000
mcf	139	1004.000000	0.000000
mcf	140	1008.000000	0.000000
mcf	141	370.000000	0.000000
mcf	142	422.000000	0.000000
mcf	143	348.000000	0.000000
mcf	144	332.000000	0.000000
mcf	145	340.000000	0.000000
mcf	146	426.000000	0.000000
mcf	147	424.000000	0.000000
mcf	148	358.000000	0.000000
mcf	149	416.000000	0.000000
mcf	150	410.000000	0.000000
mcf	151	432.000000	0.000000
mcf	152	380.000000	0.000000
mcf	153	376.000000	0.000000
mcf	154	988.000000	0.000000
mcf	155	978.000000	0.000000
mcf	156	412.000000	0.000000
mcf	157	446.000000	0.000000
mcf	158	478.000000	0.000000
mcf	159	410.000000	0.000000
mcf	160	970.000000	0.000000
mcf	161	1034.000000	0.000000
mcf	162	1034.000000	0.000000
mcf	163	378.000000	0.000000
mcf	164	352.000000	0.000000
mcf	165	328.000000	0.000000
mcf	166	346.000000	0.000000
mcf	167	396.000000	0.000000
mcf	168	458.000000	0.000000
mcf	169	442.000000	0.000000
mcf	170	418.000000	0.000000
mcf	171	352.000000	0.000000
mcf	172	388.000000	0.000000
mcf	173	362.000000	0.000000
mcf	174	366.000000	0.000000
mcf	175	374.000000	0.000000
mcf	176	400.000000	0.000000
mcf	177	370.000000	0.000000
mcf	178	406.000000	0.000000
mcf	179	346.000000	0.000000
mcf	180	454.000000	0.000000
mcf	181	442.000000	0.000000
mcf	182	416.000000	0.000000
mcf	183	458.000000	0.000000
mcf	184	486.000000	0.000000
mcf	185	414.000000	0.000000
mcf	186	414.000000	0.000000
mcf	187	408.000000	0.000000
mcf	188	438.000000	0.000000
mcf	189	364.000000	0.000000
mcf	190	404.000000	0.000000
mcf	191	516.000000	0.000000
mcf	192	516.000000	0.000000
mcf	193	490.000000	0.000000
mcf	194	544.000000	0.000000
mcf	195	436.000000	0.000000
mcf	196	386.000000	0.000000
mcf	197	376.000000	0.000000
mcf	198	370.000000	0.000000
mcf	199	388.000000	0.000000
