# solver	iter	congestion-drop	stddev
mcf	0	0.000000	0.000000
mcf	1	0.000000	0.000000
mcf	2	0.000000	0.000000
mcf	3	0.000000	0.000000
mcf	4	0.000000	0.000000
mcf	5	0.000000	0.000000
mcf	6	0.000000	0.000000
mcf	7	0.000000	0.000000
mcf	8	0.000000	0.000000
mcf	9	0.000000	0.000000
mcf	10	0.000000	0.000000
mcf	11	0.000000	0.000000
mcf	12	0.000000	0.000000
mcf	13	0.000000	0.000000
mcf	14	0.000000	0.000000
mcf	15	0.000000	0.000000
mcf	16	0.000000	0.000000
mcf	17	0.000000	0.000000
mcf	18	0.000000	0.000000
mcf	19	0.000000	0.000000
mcf	20	0.000000	0.000000
mcf	21	0.000000	0.000000
mcf	22	0.000000	0.000000
mcf	23	0.000000	0.000000
mcf	24	0.000000	0.000000
mcf	25	0.000000	0.000000
mcf	26	0.000000	0.000000
mcf	27	0.000000	0.000000
mcf	28	0.000000	0.000000
mcf	29	0.000000	0.000000
mcf	30	0.000000	0.000000
mcf	31	0.001390	0.000000
mcf	32	0.036350	0.000000
mcf	33	0.108535	0.000000
mcf	34	0.086734	0.000000
mcf	35	0.096637	0.000000
mcf	36	0.128290	0.000000
mcf	37	0.108354	0.000000
mcf	38	0.097998	0.000000
mcf	39	0.119303	0.000000
mcf	40	0.026916	0.000000
mcf	41	0.161120	0.000000
mcf	42	0.058623	0.000000
mcf	43	0.037149	0.000000
mcf	44	0.036755	0.000000
mcf	45	0.000000	0.000000
mcf	46	0.000000	0.000000
mcf	47	0.000000	0.000000
mcf	48	0.000000	0.000000
mcf	49	0.000000	0.000000
mcf	50	0.000000	0.000000
mcf	51	0.000000	0.000000
mcf	52	0.000000	0.000000
mcf	53	0.000000	0.000000
mcf	54	0.000000	0.000000
mcf	55	0.063206	0.000000
mcf	56	0.077419	0.000000
mcf	57	0.098769	0.000000
mcf	58	0.149154	0.000000
mcf	59	0.178336	0.000000
mcf	60	0.180883	0.000000
mcf	61	0.139840	0.000000
mcf	62	0.147650	0.000000
mcf	63	0.073643	0.000000
mcf	64	0.041493	0.000000
mcf	65	0.025791	0.000000
mcf	66	0.042990	0.000000
mcf	67	0.020414	0.000000
mcf	68	0.022270	0.000000
mcf	69	0.000635	0.000000
mcf	70	0.000000	0.000000
mcf	71	0.000000	0.000000
mcf	72	0.000000	0.000000
mcf	73	0.000000	0.000000
mcf	74	0.000000	0.000000
mcf	75	0.000000	0.000000
mcf	76	0.000000	0.000000
mcf	77	0.000000	0.000000
mcf	78	0.000000	0.000000
mcf	79	0.070350	0.000000
mcf	80	0.128671	0.000000
mcf	81	0.143517	0.000000
mcf	82	0.158391	0.000000
mcf	83	0.117542	0.000000
mcf	84	0.110687	0.000000
mcf	85	0.146187	0.000000
mcf	86	0.162905	0.000000
mcf	87	0.100199	0.000000
mcf	88	0.078135	0.000000
mcf	89	0.076696	0.000000
mcf	90	0.067026	0.000000
mcf	91	0.046511	0.000000
mcf	92	0.005759	0.000000
mcf	93	0.003329	0.000000
mcf	94	0.000000	0.000000
mcf	95	0.000000	0.000000
mcf	96	0.002648	0.000000
mcf	97	0.011965	0.000000
mcf	98	0.009802	0.000000
mcf	99	0.000000	0.000000
mcf	100	0.000000	0.000000
mcf	101	0.000000	0.000000
mcf	102	0.000000	0.000000
mcf	103	0.065967	0.000000
mcf	104	0.134060	0.000000
mcf	105	0.128891	0.000000
mcf	106	0.203306	0.000000
mcf	107	0.183787	0.000000
mcf	108	0.132876	0.000000
mcf	109	0.123215	0.000000
mcf	110	0.099713	0.000000
mcf	111	0.062842	0.000000
mcf	112	0.024558	0.000000
mcf	113	0.043343	0.000000
mcf	114	0.022716	0.000000
mcf	115	0.001370	0.000000
mcf	116	0.018294	0.000000
mcf	117	0.000000	0.000000
mcf	118	0.000000	0.000000
mcf	119	0.000000	0.000000
mcf	120	0.025429	0.000000
mcf	121	0.000000	0.000000
mcf	122	0.000000	0.000000
mcf	123	0.000000	0.000000
mcf	124	0.000000	0.000000
mcf	125	0.000000	0.000000
mcf	126	0.000000	0.000000
mcf	127	0.022997	0.000000
mcf	128	0.142434	0.000000
mcf	129	0.074055	0.000000
mcf	130	0.067501	0.000000
mcf	131	0.094113	0.000000
mcf	132	0.044661	0.000000
mcf	133	0.001144	0.000000
mcf	134	0.000000	0.000000
mcf	135	0.000000	0.000000
mcf	136	0.000000	0.000000
mcf	137	0.000000	0.000000
mcf	138	0.000000	0.000000
mcf	139	0.000000	0.000000
mcf	140	0.000000	0.000000
mcf	141	0.000000	0.000000
mcf	142	0.000000	0.000000
mcf	143	0.000000	0.000000
mcf	144	0.000000	0.000000
mcf	145	0.000000	0.000000
mcf	146	0.000000	0.000000
mcf	147	0.000000	0.000000
mcf	148	0.000000	0.000000
mcf	149	0.000000	0.000000
mcf	150	0.000000	0.000000
mcf	151	0.000000	0.000000
mcf	152	0.000000	0.000000
mcf	153	0.000000	0.000000
mcf	154	0.000000	0.000000
mcf	155	0.000000	0.000000
mcf	156	0.000000	0.000000
mcf	157	0.000000	0.000000
mcf	158	0.000000	0.000000
mcf	159	0.000000	0.000000
mcf	160	0.000000	0.000000
mcf	161	0.000000	0.000000
mcf	162	0.000000	0.000000
mcf	163	0.000000	0.000000
mcf	164	0.000000	0.000000
mcf	165	0.000000	0.000000
mcf	166	0.000000	0.000000
mcf	167	0.000000	0.000000
mcf	168	0.000000	0.000000
mcf	169	0.000000	0.000000
mcf	170	0.000000	0.000000
mcf	171	0.000000	0.000000
mcf	172	0.000000	0.000000
mcf	173	0.000000	0.000000
mcf	174	0.000000	0.000000
mcf	175	0.000000	0.000000
mcf	176	0.000000	0.000000
mcf	177	0.000000	0.000000
mcf	178	0.000000	0.000000
mcf	179	0.000000	0.000000
mcf	180	0.000000	0.000000
mcf	181	0.000000	0.000000
mcf	182	0.000000	0.000000
mcf	183	0.000000	0.000000
mcf	184	0.000000	0.000000
mcf	185	0.000000	0.000000
mcf	186	0.000000	0.000000
mcf	187	0.000000	0.000000
mcf	188	0.000000	0.000000
mcf	189	0.000000	0.000000
mcf	190	0.000000	0.000000
mcf	191	0.000000	0.000000
mcf	192	0.000000	0.000000
mcf	193	0.000000	0.000000
mcf	194	0.000000	0.000000
mcf	195	0.000000	0.000000
mcf	196	0.000000	0.000000
mcf	197	0.000000	0.000000
mcf	198	0.000000	0.000000
mcf	199	0.000000	0.000000

