# solver	iter	churn	stddev
cspf	0	600.000000	0.000000
cspf	1	0.000000	0.000000
cspf	2	0.000000	0.000000
cspf	3	0.000000	0.000000
cspf	4	0.000000	0.000000
cspf	5	0.000000	0.000000
cspf	6	0.000000	0.000000
cspf	7	0.000000	0.000000
cspf	8	0.000000	0.000000
cspf	9	0.000000	0.000000
cspf	10	0.000000	0.000000
cspf	11	0.000000	0.000000
cspf	12	0.000000	0.000000
cspf	13	0.000000	0.000000
cspf	14	0.000000	0.000000
cspf	15	0.000000	0.000000
cspf	16	0.000000	0.000000
cspf	17	0.000000	0.000000
cspf	18	348.000000	0.000000
cspf	19	340.000000	0.000000
cspf	20	326.000000	0.000000
cspf	21	0.000000	0.000000
cspf	22	352.000000	0.000000
cspf	23	352.000000	0.000000
cspf	24	0.000000	0.000000
cspf	25	348.000000	0.000000
cspf	26	0.000000	0.000000
cspf	27	0.000000	0.000000
cspf	28	0.000000	0.000000
cspf	29	0.000000	0.000000
cspf	30	0.000000	0.000000
cspf	31	342.000000	0.000000
cspf	32	344.000000	0.000000
cspf	33	364.000000	0.000000
cspf	34	316.000000	0.000000
cspf	35	362.000000	0.000000
cspf	36	326.000000	0.000000
cspf	37	372.000000	0.000000
cspf	38	340.000000	0.000000
cspf	39	354.000000	0.000000
cspf	40	0.000000	0.000000
cspf	41	370.000000	0.000000
cspf	42	0.000000	0.000000
cspf	43	0.000000	0.000000
cspf	44	0.000000	0.000000
cspf	45	0.000000	0.000000
cspf	46	0.000000	0.000000
cspf	47	0.000000	0.000000
cspf	48	0.000000	0.000000
cspf	49	0.000000	0.000000
cspf	50	0.000000	0.000000
cspf	51	0.000000	0.000000
cspf	52	0.000000	0.000000
cspf	53	0.000000	0.000000
cspf	54	0.000000	0.000000
cspf	55	0.000000	0.000000
cspf	56	354.000000	0.000000
cspf	57	380.000000	0.000000
cspf	58	360.000000	0.000000
cspf	59	348.000000	0.000000
cspf	60	330.000000	0.000000
cspf	61	340.000000	0.000000
cspf	62	340.000000	0.000000
cspf	63	0.000000	0.000000
cspf	64	0.000000	0.000000
cspf	65	0.000000	0.000000
cspf	66	0.000000	0.000000
cspf	67	0.000000	0.000000
cspf	68	0.000000	0.000000
cspf	69	0.000000	0.000000
cspf	70	0.000000	0.000000
cspf	71	0.000000	0.000000
cspf	72	0.000000	0.000000
cspf	73	0.000000	0.000000
cspf	74	0.000000	0.000000
cspf	75	0.000000	0.000000
cspf	76	0.000000	0.000000
cspf	77	0.000000	0.000000
cspf	78	0.000000	0.000000
cspf	79	0.000000	0.000000
cspf	80	0.000000	0.000000
cspf	81	0.000000	0.000000
cspf	82	344.000000	0.000000
cspf	83	414.000000	0.000000
cspf	84	0.000000	0.000000
cspf	85	352.000000	0.000000
cspf	86	344.000000	0.000000
cspf	87	356.000000	0.000000
cspf	88	0.000000	0.000000
cspf	89	0.000000	0.000000
cspf	90	0.000000	0.000000
cspf	91	0.000000	0.000000
cspf	92	0.000000	0.000000
cspf	93	0.000000	0.000000
cspf	94	0.000000	0.000000
cspf	95	0.000000	0.000000
cspf	96	0.000000	0.000000
cspf	97	0.000000	0.000000
cspf	98	0.000000	0.000000
cspf	99	0.000000	0.000000
cspf	100	0.000000	0.000000
cspf	101	0.000000	0.000000
cspf	102	0.000000	0.000000
cspf	103	0.000000	0.000000
cspf	104	338.000000	0.000000
cspf	105	338.000000	0.000000
cspf	106	340.000000	0.000000
cspf	107	374.000000	0.000000
cspf	108	362.000000	0.000000
cspf	109	340.000000	0.000000
cspf	110	338.000000	0.000000
cspf	111	0.000000	0.000000
cspf	112	0.000000	0.000000
cspf	113	0.000000	0.000000
cspf	114	0.000000	0.000000
cspf	115	0.000000	0.000000
cspf	116	0.000000	0.000000
cspf	117	0.000000	0.000000
cspf	118	0.000000	0.000000
cspf	119	0.000000	0.000000
cspf	120	0.000000	0.000000
cspf	121	0.000000	0.000000
cspf	122	0.000000	0.000000
cspf	123	0.000000	0.000000
cspf	124	0.000000	0.000000
cspf	125	0.000000	0.000000
cspf	126	0.000000	0.000000
cspf	127	0.000000	0.000000
cspf	128	314.000000	0.000000
cspf	129	0.000000	0.000000
cspf	130	0.000000	0.000000
cspf	131	0.000000	0.000000
cspf	132	0.000000	0.000000
cspf	133	0.000000	0.000000
cspf	134	0.000000	0.000000
cspf	135	0.000000	0.000000
cspf	136	0.000000	0.000000
cspf	137	0.000000	0.000000
cspf	138	0.000000	0.000000
cspf	139	0.000000	0.000000
cspf	140	0.000000	0.000000
cspf	141	0.000000	0.000000
cspf	142	0.000000	0.000000
cspf	143	0.000000	0.000000
cspf	144	0.000000	0.000000
cspf	145	0.000000	0.000000
cspf	146	0.000000	0.000000
cspf	147	0.000000	0.000000
cspf	148	0.000000	0.000000
cspf	149	0.000000	0.000000
cspf	150	0.000000	0.000000
cspf	151	0.000000	0.000000
cspf	152	0.000000	0.000000
cspf	153	0.000000	0.000000
cspf	154	0.000000	0.000000
cspf	155	0.000000	0.000000
cspf	156	0.000000	0.000000
cspf	157	0.000000	0.000000
cspf	158	0.000000	0.000000
cspf	159	0.000000	0.000000
cspf	160	0.000000	0.000000
cspf	161	0.000000	0.000000
cspf	162	0.000000	0.000000
cspf	163	0.000000	0.000000
cspf	164	0.000000	0.000000
cspf	165	0.000000	0.000000
cspf	166	0.000000	0.000000
cspf	167	0.000000	0.000000
cspf	168	0.000000	0.000000
cspf	169	0.000000	0.000000
cspf	170	0.000000	0.000000
cspf	171	0.000000	0.000000
cspf	172	0.000000	0.000000
cspf	173	0.000000	0.000000
cspf	174	0.000000	0.000000
cspf	175	0.000000	0.000000
cspf	176	0.000000	0.000000
cspf	177	0.000000	0.000000
cspf	178	0.000000	0.000000
cspf	179	0.000000	0.000000
cspf	180	0.000000	0.000000
cspf	181	0.000000	0.000000
cspf	182	0.000000	0.000000
cspf	183	0.000000	0.000000
cspf	184	0.000000	0.000000
cspf	185	0.000000	0.000000
cspf	186	0.000000	0.000000
cspf	187	0.000000	0.000000
cspf	188	0.000000	0.000000
cspf	189	0.000000	0.000000
cspf	190	0.000000	0.000000
cspf	191	0.000000	0.000000
cspf	192	0.000000	0.000000
cspf	193	0.000000	0.000000
cspf	194	0.000000	0.000000
cspf	195	0.000000	0.000000
cspf	196	0.000000	0.000000
cspf	197	0.000000	0.000000
cspf	198	0.000000	0.000000
cspf	199	0.000000	0.000000
mcf	0	600.000000	0.000000
mcf	1	978.000000	0.000000
mcf	2	432.000000	0.000000
mcf	3	440.000000	0.000000
mcf	4	388.000000	0.000000
mcf	5	404.000000	0.000000
mcf	6	458.000000	0.000000
mcf	7	414.000000	0.000000
mcf	8	378.000000	0.000000
mcf	9	356.000000	0.000000
mcf	10	362.000000	0.000000
mcf	11	366.000000	0.000000
mcf	12	352.000000	0.000000
mcf	13	392.000000	0.000000
mcf	14	384.000000	0.000000
mcf	15	340.000000	0.000000
mcf	16	388.000000	0.000000
mcf	17	364.000000	0.000000
mcf	18	376.000000	0.000000
mcf	19	358.000000	0.000000
mcf	20	348.000000	0.000000
mcf	21	294.000000	0.000000
mcf	22	298.000000	0.000000
mcf	23	340.000000	0.000000
mcf	24	380.000000	0.000000
mcf	25	368.000000	0.000000
mcf	26	368.000000	0.000000
mcf	27	364.000000	0.000000
mcf	28	380.000000	0.000000
mcf	29	1022.000000	0.000000
mcf	30	1010.000000	0.000000
mcf	31	956.000000	0.000000
mcf	32	968.000000	0.000000
mcf	33	438.000000	0.000000
mcf	34	466.000000	0.000000
mcf	35	458.000000	0.000000
mcf	36	384.000000	0.000000
mcf	37	558.000000	0.000000
mcf	38	566.000000	0.000000
mcf	39	388.000000	0.000000
mcf	40	360.000000	0.000000
mcf	41	436.000000	0.000000
mcf	42	480.000000	0.000000
mcf	43	446.000000	0.000000
mcf	44	378.000000	0.000000
mcf	45	348.000000	0.000000
mcf	46	328.000000	0.000000
mcf	47	388.000000	0.000000
mcf	48	462.000000	0.000000
mcf	49	466.000000	0.000000
mcf	50	962.000000	0.000000
mcf	51	820.000000	0.000000
mcf	52	1018.000000	0.000000
mcf	53	1010.000000	0.000000
mcf	54	426.000000	0.000000
mcf	55	388.000000	0.000000
mcf	56	398.000000	0.000000
mcf	57	362.000000	0.000000
mcf	58	340.000000	0.000000
mcf	59	364.000000	0.000000
mcf	60	376.000000	0.000000
mcf	61	378.000000	0.000000
mcf	62	396.000000	0.000000
mcf	63	396.000000	0.000000
mcf	64	390.000000	0.000000
mcf	65	354.000000	0.000000
mcf	66	464.000000	0.000000
mcf	67	436.000000	0.000000
mcf	68	372.000000	0.000000
mcf	69	436.000000	0.000000
mcf	70	394.000000	0.000000
mcf	71	408.000000	0.000000
mcf	72	960.000000	0.000000
mcf	73	952.000000	0.000000
mcf	74	434.000000	0.000000
mcf	75	402.000000	0.000000
mcf	76	374.000000	0.000000
mcf	77	376.000000	0.000000
mcf	78	334.000000	0.000000
mcf	79	348.000000	0.000000
mcf	80	370.000000	0.000000
mcf	81	448.000000	0.000000
mcf	82	456.000000	0.000000
mcf	83	452.000000	0.000000
mcf	84	470.000000	0.000000
mcf	85	392.000000	0.000000
mcf	86	436.000000	0.000000
mcf	87	390.000000	0.000000
mcf	88	294.000000	0.000000
mcf	89	290.000000	0.000000
mcf	90	390.000000	0.000000
mcf	91	420.000000	0.000000
mcf	92	386.000000	0.000000
mcf	93	994.000000	0.000000
mcf	94	990.000000	0.000000
mcf	95	446.000000	0.000000
mcf	96	972.000000	0.000000
mcf	97	992.000000	0.000000
mcf	98	360.000000	0.000000
mcf	99	344.000000	0.000000
mcf	100	350.000000	0.000000
mcf	101	360.000000	0.000000
mcf	102	356.000000	0.000000
mcf	103	386.000000	0.000000
mcf	104	416.000000	0.000000
mcf	105	376.000000	0.000000
mcf	106	346.000000	0.000000
mcf	107	1030.000000	0.000000
mcf	108	1034.000000	0.000000
mcf	109	344.000000	0.000000
mcf	110	546.000000	0.000000
mcf	111	514.000000	0.000000
mcf	112	410.000000	0.000000
mcf	113	480.000000	0.000000
mcf	114	432.000000	0.000000
mcf	115	1022.000000	0.000000
mcf	116	1016.000000	0.000000
mcf	117	442.000000	0.000000
mcf	118	370.000000	0.000000
mcf	119	370.000000	0.000000
mcf	120	430.000000	0.000000
mcf	121	424.000000	0.000000
mcf	122	400.000000	0.000000
mcf	123	440.000000	0.000000
mcf	124	482.000000	0.000000
mcf	125	356.000000	0.000000
mcf	126	376.000000	0.000000
mcf	127	434.000000	0.000000
mcf	128	456.000000	0.000000
mcf	129	416.000000	0.000000
mcf	130	460.000000	0.000000
mcf	131	448.000000	0.000000
mcf	132	398.000000	0.000000
mcf	133	340.000000	0.000000
mcf	134	336.000000	0.000000
mcf	135	410.000000	0.000000
mcf	136	410.000000	0.000000
mcf	137	426.000000	0.000000
mcf	138	568.000000	0.000000
mcf	139	1002.000000	0.000000
mcf	140	994.000000	0.000000
mcf	141	408.000000	0.000000
mcf	142	404.000000	0.000000
mcf	143	350.000000	0.000000
mcf	144	340.000000	0.000000
mcf	145	318.000000	0.000000
mcf	146	436.000000	0.000000
mcf	147	402.000000	0.000000
mcf	148	390.000000	0.000000
mcf	149	444.000000	0.000000
mcf	150	376.000000	0.000000
mcf	151	392.000000	0.000000
mcf	152	388.000000	0.000000
mcf	153	380.000000	0.000000
mcf	154	430.000000	0.000000
mcf	155	440.000000	0.000000
mcf	156	412.000000	0.000000
mcf	157	422.000000	0.000000
mcf	158	446.000000	0.000000
mcf	159	380.000000	0.000000
mcf	160	950.000000	0.000000
mcf	161	962.000000	0.000000
mcf	162	384.000000	0.000000
mcf	163	374.000000	0.000000
mcf	164	390.000000	0.000000
mcf	165	398.000000	0.000000
mcf	166	404.000000	0.000000
mcf	167	410.000000	0.000000
mcf	168	448.000000	0.000000
mcf	169	1022.000000	0.000000
mcf	170	1014.000000	0.000000
mcf	171	360.000000	0.000000
mcf	172	388.000000	0.000000
mcf	173	462.000000	0.000000
mcf	174	488.000000	0.000000
mcf	175	474.000000	0.000000
mcf	176	400.000000	0.000000
mcf	177	422.000000	0.000000
mcf	178	426.000000	0.000000
mcf	179	346.000000	0.000000
mcf	180	336.000000	0.000000
mcf	181	374.000000	0.000000
mcf	182	406.000000	0.000000
mcf	183	384.000000	0.000000
mcf	184	428.000000	0.000000
mcf	185	400.000000	0.000000
mcf	186	366.000000	0.000000
mcf	187	402.000000	0.000000
mcf	188	414.000000	0.000000
mcf	189	354.000000	0.000000
mcf	190	418.000000	0.000000
mcf	191	410.000000	0.000000
mcf	192	388.000000	0.000000
mcf	193	376.000000	0.000000
mcf	194	384.000000	0.000000
mcf	195	414.000000	0.000000
mcf	196	396.000000	0.000000
mcf	197	488.000000	0.000000
mcf	198	492.000000	0.000000
mcf	199	398.000000	0.000000
